sigma       : .395411131088445
psiTilde    : 2   
chiTilde    : 4.066453697216403
psiHat      : 2
chiHat      : 0.346225829313051
rho         : .02     
theta       : 0.1030  
eta         : 0.112352952829315
lambda      : 0.050927320089116
alpha       : 0.9294   
LProd       : 1
beta        : .105891836946071
zeta        : 1
nu          : 0.830277562331419
gammaeta    : 0.7502