         sigma: 0.497133779055000
      psiTilde: 2.500000000000000
      chiTilde: 6.091580693668000
        psiHat: 2.500000000000000
        chiHat: 0.684609868215000
           rho: 0.020000000000000
         theta: 0.103000000000000
           eta: 0.086650391487000
        lambda: 0.041482947418000
         alpha: 0.929400000000000
         LProd: 1
          beta: 0.096786714943000
          zeta: 1
            nu: 0.814017852915000
      gammaeta: 0.750200000000000