         sigma: 0.394778954549094
      psiTilde: 2
      chiTilde: 4.052296736386219
        psiHat: 2
        chiHat: 0.346845651940495
           rho: 0.020000000000000
         theta: 0.103000000000000
           eta: 0.107324975953738
        lambda: 0.050951140157258
         alpha: 0.929400000000000
         LProd: 1
          beta: 0.105948299913485
          zeta: 1
            nu: 0.828659158211325
      gammaeta: 0.750200000000000