         sigma: 0.383672363134000
      psiTilde: 2
      chiTilde: 4.066453697216403
        psiHat: 2
        chiHat: 0.346225829313051
           rho: 0.020000000000000
         theta: 0.103000000000000
           eta: 0.112352952829315
        lambda: 0.050927320089116
         alpha: 0.929400000000000
         LProd: 1
          beta: 0.105891836946071
          zeta: 1
            nu: 0.830277562331419
      gammaeta: 0.750200000000000