         sigma: 0.282721142960891
      psiTilde: 1.666666666666667
      chiTilde: 2.490863208888801
        psiHat: 1.666666666666667
        chiHat: 0.210728979286278
           rho: 0.020000000000000
         theta: 0.103000000000000
           eta: 0.124595906024369
        lambda: 0.061577677751501
         alpha: 0.929400000000000
         LProd: 1
          beta: 0.107169958828652
          zeta: 1
            nu: 0.784786081540323
      gammaeta: 0.750200000000000