         sigma: 0.407130967330327
      psiTilde: 2
      chiTilde: 4.433860310576651
        psiHat: 2
        chiHat: 0.350876452707195
           rho: 0.020000000000000
         theta: 0.103000000000000
           eta: 0.102447663915302
        lambda: 0.051131149950362
         alpha: 0.929400000000000
         LProd: 1
          beta: 0.112924584835148
          zeta: 1
            nu: 0.926353006935131
      gammaeta: 0.750200000000000